{
  "is2D": false,
  "sources": {
    "MMRR_06_Grid1_c442": {
      "image": {
        "imageData": {
          "bdv.n5": {
            "relativePath": "images/bdv-n5/MMRR_06_Grid1_c442.xml"
          },
          "bdv.n5.s3": {
            "relativePath": "images/bdv-n5-s3/MMRR_06_Grid1_c442.xml"
          }
        }
      }
    }
  },
  "timepoints": 1,
  "views": {
    "MMRR_06_Grid1_c442": {
      "isExclusive": true,
      "sourceDisplays": [
        {
          "imageDisplay": {
            "color": "white",
            "contrastLimits": [
              0.0,
              255.0
            ],
            "name": "MMRR_06_Grid1_c442",
            "opacity": 1.0,
            "sources": [
              "MMRR_06_Grid1_c442"
            ]
          }
        }
      ],
      "uiSelectionGroup": "Tomograms"
    },
    "MMRR_06_Grid1_c442_c1_crop": {
      "isExclusive": true,
      "sourceDisplays": [
        {
          "imageDisplay": {
            "color": "white",
            "contrastLimits": [
              0.0,
              255.0
            ],
            "name": "MMRR_06_Grid1_c442_c1",
            "opacity": 1.0,
            "sources": [
              "MMRR_06_Grid1_c442_c1_crop"
            ]
          }
        }
      ],
      "sourceTransforms": [
        {
          "affine": {
            "parameters": [
              0.9490429589825463,
              -0.31507111608571897,
              0.0069031742084599374,
              0.0,
              0.31507111608571875,
              0.9490674088357072,
              0.0011159275850589998,
              0.0,
              -0.006903174208459933,
              0.0011159275850589937,
              0.9999755501468386,
              0.0
            ],
            "sourceNamesAfterTransform": [
              "MMRR_06_Grid1_c442_c1_tfm"
            ],
            "sources": [
              "MMRR_06_Grid1_c442"
            ]
          }
        },
        {
          "crop": {
            "max": [
              1.478373662562181,
              2.3310221563880864,
              0.8151823071223243
            ],
            "min": [
              0.47837366256218106,
              1.3310221563880862,
              -0.1848176928776757
            ],
            "sourceNamesAfterTransform": [
              "MMRR_06_Grid1_c442_c1_crop"
            ],
            "sources": [
              "MMRR_06_Grid1_c442_c1_tfm"
            ]
          }
        }
      ],
      "uiSelectionGroup": "Centrioles"
    },
    "MMRR_06_Grid1_c442_c2_crop": {
      "isExclusive": true,
      "sourceDisplays": [
        {
          "imageDisplay": {
            "color": "white",
            "contrastLimits": [
              0.0,
              255.0
            ],
            "name": "MMRR_06_Grid1_c442_c2",
            "opacity": 1.0,
            "sources": [
              "MMRR_06_Grid1_c442_c2_crop"
            ]
          }
        }
      ],
      "sourceTransforms": [
        {
          "affine": {
            "parameters": [
              -0.6423452756573118,
              0.26523146068099934,
              0.719058286306302,
              0.0,
              -0.2652314606809993,
              0.8033082664733026,
              -0.533243003967873,
              0.0,
              -0.7190582863063019,
              -0.5332430039678732,
              -0.4456535421306143,
              0.0
            ],
            "sourceNamesAfterTransform": [
              "MMRR_06_Grid1_c442_c2_tfm"
            ],
            "sources": [
              "MMRR_06_Grid1_c442"
            ]
          }
        },
        {
          "crop": {
            "max": [
              0.8458888944330096,
              1.282789750956768,
              -1.5950717669607664
            ],
            "min": [
              -0.15411110556699043,
              0.28278975095676806,
              -2.5950717669607664
            ],
            "sourceNamesAfterTransform": [
              "MMRR_06_Grid1_c442_c2_crop"
            ],
            "sources": [
              "MMRR_06_Grid1_c442_c2_tfm"
            ]
          }
        }
      ],
      "uiSelectionGroup": "Centrioles"
    },
    "MMRR_06_Grid1_c442_c1_cropnew": {
      "isExclusive": true,
      "sourceDisplays": [
        {
          "imageDisplay": {
            "color": "white",
            "contrastLimits": [
              0.0,
              255.0
            ],
            "name": "MMRR_06_Grid1_c442_c1_disp_cropnew",
            "opacity": 1.0,
            "sources": [
              "MMRR_06_Grid1_c442_c1_cropnew"
            ]
          }
        }
      ],
      "sourceTransforms": [
        {
          "crop": {
            "max": [
              0.5,0.5,0.5
            ],
            "min": [
              -0.5,-0.5,-0.5
            ],
            "boxAffine": [
                0.9490429589825463,
                0.31507111608571897,
                -0.0069031742084599374,
                1.5,
                -0.31507111608571875,
                0.9490674088357072,
                -0.0011159275850589998,
                1.4,
                -0.006903174208459933,
                -0.0011159275850589937,
                0.9999755501468386,
                0.3
              ]
            ,
            "sourceNamesAfterTransform": [
              "MMRR_06_Grid1_c442_c1_cropnew"
            ],
            "sources": [
              "MMRR_06_Grid1_c442"
            ]
          }
        }
      ],
      "uiSelectionGroup": "crop_new"
    },
    "MMRR_06_Grid1_c442_c2_cropnew": {
      "isExclusive": true,
      "sourceDisplays": [
        {
          "imageDisplay": {
            "color": "white",
            "contrastLimits": [
              0.0,
              255.0
            ],
            "name": "MMRR_06_Grid1_c442_c2",
            "opacity": 1.0,
            "sources": [
              "MMRR_06_Grid1_c442_c2_cropnew"
            ]
          }
        }
      ],
      "sourceTransforms": [
        {
          "affine": {
            "parameters": [
              -0.6423452756573118,
              0.26523146068099934,
              0.719058286306302,
              0.0,
              -0.2652314606809993,
              0.8033082664733026,
              -0.533243003967873,
              0.0,
              -0.7190582863063019,
              -0.5332430039678732,
              -0.4456535421306143,
              0.0
            ],
            "sourceNamesAfterTransform": [
              "MMRR_06_Grid1_c442_c2_tfm"
            ],
            "sources": [
              "MMRR_06_Grid1_c442"
            ]
          }
        },
        {
          "crop": {
            "max": [
              0.5,0.5,0.5
            ],
            "min": [
              -0.5,-0.5,-0.5
            ],
            "boxAffine": [
                -0.6423452756573118,
                0.26523146068099934,
                0.719058286306302,
                0.0,
                -0.2652314606809993,
                0.8033082664733026,
                -0.533243003967873,
                0.0,
                -0.7190582863063019,
                -0.5332430039678732,
                -0.4456535421306143,
                0.0
              ],
            "sourceNamesAfterTransform": [
              "MMRR_06_Grid1_c442_c2_cropnew"
            ],
            "sources": [
              "MMRR_06_Grid1_c442_c2_tfm"
            ]
          }
        }
      ],
      "uiSelectionGroup": "crop_new"
    },
    "TEST_new_grid": {
      "isExclusive": true,
      "sourceDisplays": [
        {
          "imageDisplay": {
            "color": "white",
            "contrastLimits": [
              0.0,
              255.0
            ],
            "name": "SM_centrioles_images",
            "opacity": 1.0,
            "sources": ["MMRR_06_Grid1_c442_c1_crop",
              "MMRR_06_Grid1_c442_c2_crop",
              "MMRR_06_Grid1_c442_c1_cropnew",
              "MMRR_06_Grid1_c442_c2_cropnew"
              ]
          }
        }
      ],
      "sourceTransforms": [
        {
          "affine": {
            "parameters": [
              0.9490429589825463,
              -0.31507111608571897,
              0.0069031742084599374,
              0.0,
              0.31507111608571875,
              0.9490674088357072,
              0.0011159275850589998,
              0.0,
              -0.006903174208459933,
              0.0011159275850589937,
              0.9999755501468386,
              0.0
            ],
            "sourceNamesAfterTransform": [
              "MMRR_06_Grid1_c442_c1_tfm"
            ],
            "sources": [
              "MMRR_06_Grid1_c442"
            ]
          }
        },
        {
          "crop": {
            "max": [
              1.478373662562181,
              2.3310221563880864,
              0.8151823071223243
            ],
            "min": [
              0.47837366256218106,
              1.3310221563880862,
              -0.1848176928776757
            ],
            "sourceNamesAfterTransform": [
              "MMRR_06_Grid1_c442_c1_crop"
            ],
            "sources": [
              "MMRR_06_Grid1_c442_c1_tfm"
            ]
          }
        },
        {
          "affine": {
            "parameters": [
              -0.6423452756573118,
              0.26523146068099934,
              0.719058286306302,
              0.0,
              -0.2652314606809993,
              0.8033082664733026,
              -0.533243003967873,
              0.0,
              -0.7190582863063019,
              -0.5332430039678732,
              -0.4456535421306143,
              0.0
            ],
            "sourceNamesAfterTransform": [
              "MMRR_06_Grid1_c442_c2_tfm"
            ],
            "sources": [
              "MMRR_06_Grid1_c442"
            ]
          }
        },
        {
          "crop": {
            "max": [
              0.8458888944330096,
              1.282789750956768,
              -1.5950717669607664
            ],
            "min": [
              -0.15411110556699043,
              0.28278975095676806,
              -2.5950717669607664
            ],
            "sourceNamesAfterTransform": [
              "MMRR_06_Grid1_c442_c2_crop"
            ],
            "sources": [
              "MMRR_06_Grid1_c442_c2_tfm"
            ]
          }
        },
        {
          "affine": {
            "parameters": [
              0.9490429589825463,
              -0.31507111608571897,
              0.0069031742084599374,
              0.0,
              0.31507111608571875,
              0.9490674088357072,
              0.0011159275850589998,
              0.0,
              -0.006903174208459933,
              0.0011159275850589937,
              0.9999755501468386,
              0.0
            ],
            "sourceNamesAfterTransform": [
              "MMRR_06_Grid1_c442_c1_tfm"
            ],
            "sources": [
              "MMRR_06_Grid1_c442"
            ]
          }
        },
        {
          "crop": {
            "max": [
              0.5,0.5,0.5
            ],
            "min": [
              -0.5,-0.5,-0.5
            ],
            "boxAffine": [
                0.9490429589825463,
                -0.31507111608571897,
                0.0069031742084599374,
                0.0,
                0.31507111608571875,
                0.9490674088357072,
                0.0011159275850589998,
                0.0,
                -0.006903174208459933,
                0.0011159275850589937,
                0.9999755501468386,
                0.0
              ],
            "sourceNamesAfterTransform": [
              "MMRR_06_Grid1_c442_c1_cropnew"
            ],
            "sources": [
              "MMRR_06_Grid1_c442_c1_tfm"
            ]
          }
        },
        {
          "affine": {
            "parameters": [
              0.9490429589825463,
              -0.31507111608571897,
              0.0069031742084599374,
              0.0,
              0.31507111608571875,
              0.9490674088357072,
              0.0011159275850589998,
              0.0,
              -0.006903174208459933,
              0.0011159275850589937,
              0.9999755501468386,
              0.0
            ],
            "sourceNamesAfterTransform": [
              "MMRR_06_Grid1_c442_c1_tfm"
            ],
            "sources": [
              "MMRR_06_Grid1_c442"
            ]
          }
        },
        {
          "crop": {
            "max": [
              0.5,0.5,0.5
            ],
            "min": [
              -0.5,-0.5,-0.5
            ],
            "boxAffine": [
                0.9490429589825463,
                -0.31507111608571897,
                0.0069031742084599374,
                0.0,
                0.31507111608571875,
                0.9490674088357072,
                0.0011159275850589998,
                0.0,
                -0.006903174208459933,
                0.0011159275850589937,
                0.9999755501468386,
                0.0
              ],
            "sourceNamesAfterTransform": [
              "MMRR_06_Grid1_c442_c1_cropnew"
            ],
            "sources": [
              "MMRR_06_Grid1_c442_c1_tfm"
            ]
          }
        }
      ],
      "transformedGrid": {
        "centerAtOrigin": true,
        "sources": [["MMRR_06_Grid1_c442_c1_crop"],
              ["MMRR_06_Grid1_c442_c2_crop"],
              ["MMRR_06_Grid1_c442_c1_cropnew"],
              ["MMRR_06_Grid1_c442_c2_cropnew"]
              ]
      },
      "uiSelectionGroup": "grid"
    },
    "default": {
      "isExclusive": true,
      "sourceDisplays": [
        {
          "imageDisplay": {
            "color": "white",
            "contrastLimits": [
              0.0,
              255.0
            ],
            "name": "CTRL_02_Grid3_c550",
            "opacity": 1.0,
            "sources": [
              "CTRL_02_Grid3_c550"
            ]
          }
        }
      ],
      "uiSelectionGroup": "Tomograms"
    }
  }
}